# cluster             nb_members   logAge    BP_RP_0_min             BP_RP_0_max         
  ASCC_10             113          8.41996   0.08163200000000148     1.3655820540540526  
  ASCC_101            81           8.6902    0.22041940540540572     2.3668747567567583  
  ASCC_108            199          8.02938   -0.029835729729728616   1.5174434054054051  
  ASCC_11             227          8.38917   0.09152610810810846     1.4572928108108119  
  ASCC_111            83           8.43933   0.08387583783783864     1.7696216756756786  
  ASCC_113            290          8.45939   0.12467864864864736     2.091971243243241   
  ASCC_114            126          7.68034   -0.10578572972972933    1.7386725945945918  
  ASCC_115            68           8.12057   -0.010783405405406843   1.760493189189186   
  ASCC_12             139          7.96988   -0.04135021621621482    1.3442345945945946  
  ASCC_123            45           7.65031   -0.03466227027026997    3.1981034054054045  
  ASCC_127            113          7.26007   -0.1986050810810802     2.9455075135135163  
  ASCC_128            88           8.39967   0.09958232432432373     1.9215670810810834  
  ASCC_16             170          7.13033   -0.25365416216216174    3.343441999999998   
  ASCC_19             142          7.02119   -0.23358664864864837    3.5344279999999992  
  ASCC_21             87           6.94988   -0.2214621081081085     3.462514648648648   
  ASCC_23             105          8.36922   0.06101124324324453     2.0082104864864863  
  ASCC_32             171          7.39967   -0.17025318918918889    2.379648702702703   
  ASCC_41             112          8.33041   0.04953994594594648     2.6406976216216207  
  ASCC_58             238          7.72016   -0.09527610810810763    2.5924161621621615  
  ASCC_85             158          7.85003   -0.06984308108108117    1.5708450810810817  
  ASCC_87             40           7.92012   0.005026162162161618    1.7778770270270272  
  ASCC_90             71           8.91009   0.39178837837837827     1.9659463783783757  
  ASCC_99             74           8.55023   0.1961724324324321      2.563968918918917   
  Alessi_1            46           9.16137   0.5969052972972967      1.8817365405405406  
  Alessi_10           92           7.95999   -0.01956302702702617    2.3733066486486494  
  Alessi_12           195          8.13033   -0.011115891891892715   2.210071783783786   
  Alessi_13           44           7.55023   0.46494508108108185     3.841896432432434   
  Alessi_19           55           7.40993   -0.1523968648648648     2.459857567567567   
  Alessi_20           110          6.96988   -0.2596329189189193     3.2805781081081067  
  Alessi_21           241          7.8202    -0.07083351351351333    2.307730486486487   
  Alessi_24           176          7.85974   -0.06678551351351453    2.467934756756756   
  Alessi_3            98           8.80003   0.28076313513513607     2.5919235135135126  
  Alessi_31           146          8.38021   0.05970486486486537     1.6753223783783786  
  Alessi_37           247          8.13988   -0.003623783783784029   1.8805884324324331  
  Alessi_43           245          7.0607    -0.2754435675675675     2.314890864864865   
  Alessi_6            108          8.63043   0.19456729729729794     1.6155623783783752  
  Alessi_62           152          8.84011   0.3134173513513511      2.0215031351351334  
  Alessi_8            49           8.06819   -0.016839513513512927   2.054532702702703   
  Alessi_Teutsch_11   100          8.16137   0.0063700540540547225   2.117624540540539   
  Alessi_Teutsch_12   37           7.94002   -0.04150227027026973    2.0562665405405416  
  Alessi_Teutsch_3    98           8.02119   -0.019531027027027748   1.967869621621621   
  Alessi_Teutsch_5    118          7.26951   -0.1966946486486486     1.9465766486486473  
  Alessi_Teutsch_8    330          8.06819   -0.01638897297297398    1.5587189189189175  
  Aveni_Hunter_1      64           7.02119   -0.13582475675675806    3.293805999999999   
  BH_164              186          7.51055   -0.11257264864864819    2.7498751351351354  
  BH_221              103          7.02938   -0.28512216216216246    1.7716821081081104  
  BH_23               70           7.45939   -0.1518991891891891     2.7860818918918917  
  BH_56               97           7.25042   -0.18953789189189107    2.209456756756755   
  Blanco_1            479          8.02119   -0.03649491891891916    3.1126520540540565  
  COIN-Gaia_11        131          8.89982   0.36381297297297266     1.7648760540540531  
  COIN-Gaia_12        79           8.72997   0.25442291891891894     1.5590911891891888  
  COIN-Gaia_13        302          8.26951   0.031098216216215335    2.1711738378378382  
  COIN-Gaia_19        94           8.02938   -0.013790432432431665   1.1376140000000021  
  COIN-Gaia_23        50           8.11059   -0.01801475675675701    1.4525908648648633  
  COIN-Gaia_24        112          7.92012   -0.05883475675675681    1.3720160000000006  
  COIN-Gaia_25        76           8.74974   0.2724916216216215      1.5688551351351359  
  COIN-Gaia_3         73           7.6902    -0.0951040000000013     1.1751709189189201  
  COIN-Gaia_30        204          8.40993   0.06884091891891919     1.5980790270270246  
  COIN-Gaia_38        102          8.42975   0.08487535135135049     0.8117645945945975  
  COIN-Gaia_5         33           8.04139   0.05055059459459493     1.3355307567567565  
  COIN-Gaia_8         96           8.0       -0.010632594594594313   1.5612854054054042  
  Collinder_132       81           7.38917   -0.17386070270270196    2.58025464864865    
  Collinder_135       302          7.41996   -0.1584784324324326     3.417486756756758   
  Collinder_140       115          7.42975   -0.1530233513513524     2.9369549729729747  
  Collinder_350       151          8.77012   0.2798303783783787      2.292487189189188   
  Collinder_359       248          7.57054   -0.12181816216216307    2.4658452972972973  
  Collinder_394       556          7.95999   -0.05192956756756789    1.9799491351351366  
  Collinder_421       175          8.36922   0.0600072972972967      1.1619011351351358  
  Collinder_463       604          8.0607    -0.030484810810809893   1.6829232432432415  
  Collinder_69        581          7.10037   -0.2607328108108113     3.2153318378378377  
  Collinder_95        119          7.28103   -0.19576200000000094    2.564894594594596   
  ESO_130_06          81           8.14922   0.009159351351353096    1.747931405405405   
  FSR_0398            50           7.26007   -0.1980462162162162     1.3390710810810817  
  FSR_0551            42           7.13033   -0.23607675675675766    1.3837056216216224  
  Ferrero_11          63           8.45025   0.12272745945945929     1.6252637297297277  
  Gulliver_20         76           8.25042   0.035104108108108434    2.2279275135135115  
  Gulliver_21         157          8.43933   0.08963686486486448     2.0401973513513507  
  Gulliver_29         300          7.02938   -0.2873990270270267     1.8741436216216198  
  Gulliver_44         108          8.65031   0.19903610810810862     1.3142775675675675  
  Gulliver_6          302          7.22011   -0.21492648648648652    3.1410401081081067  
  Gulliver_60         223          7.96988   -0.04552264864865008    1.7846270810810811  
  Gulliver_9          230          7.25042   -0.20208254054054045    2.760348324324323   
  Haffner_13          188          7.30963   -0.19042567567567656    2.799386594594594   
  Harvard_10          282          8.30103   0.03301297297297301     1.872082702702705   
  IC_1396             340          7.07918   -0.26934870270270195    2.3193940540540536  
  IC_2391             216          7.45939   -0.11727043243243271    3.8514854054054064  
  IC_2395             254          7.30963   -0.19401745945945986    2.544081351351351   
  IC_2488             363          8.20952   0.01328740540540635     1.3826044324324303  
  IC_2602             279          7.55991   -0.1256407027027027     3.9298858378378387  
  IC_348              119          7.06819   -0.25755340540540556    3.179686972972974   
  IC_4665             156          7.51983   -0.13383648648648738    2.8814569189189188  
  IC_4725             549          8.04922   -0.032487081081081226   1.8155851351351335  
  IC_4756             381          9.11059   0.534238108108108       2.1605331351351347  
  LP_2000             90           8.34044   0.06526810810810935     1.2460067567567588  
  LP_2219             105          8.10037   -0.015591783783783647   1.294652540540539   
  LP_2220             117          8.65992   0.20151675675675718     1.1698675675675692  
  Lynga_2             93           8.0086    -0.03470772972972913    1.4420129729729718  
  Mamajek_4           255          8.57054   0.14170264864864898     2.270528594594594   
  Melotte_111         218          8.81023   0.4705503783783791      3.928335405405405   
  Melotte_20          688          7.71012   -0.08763297297297287    3.7597203783783777  
  Melotte_22          1158         7.88986   -0.06303929729729747    3.985194594594594   
  NGC_1027            277          8.29003   0.027447189189188315    0.9037031351351359  
  NGC_1039            601          8.12057   -0.007265459459459694   2.221998432432432   
  NGC_1342            433          8.91009   0.3630025405405398      1.6282054594594586  
  NGC_1502            129          7.02119   -0.2812164324324329     1.9210821621621637  
  NGC_1528            302          8.46982   0.09755518918918904     1.1623103783783775  
  NGC_1545            194          8.04139   -0.016182540540540913   1.6823192972972978  
  NGC_1582            133          8.36922   0.06720064864864916     1.2574123243243258  
  NGC_1647            613          8.55991   0.13431762162162098     1.7377412972972992  
  NGC_1662            237          8.88986   0.34460794594594535     2.191324324324323   
  NGC_1664            355          8.71012   0.21911524324324405     1.0176194594594585  
  NGC_1750            315          8.40993   0.07089421621621661     1.5684960540540553  
  NGC_1758            161          8.43933   0.0883487027027039      1.2839373513513521  
  NGC_1901            113          8.94988   0.43669518918919        2.394670648648648   
  NGC_1912            579          8.46982   0.09563778378378401     1.2843079459459483  
  NGC_1960            267          7.45025   -0.1546443783783773     1.4063057837837862  
  NGC_1980            106          7.12057   -0.2149345405405403     3.151586054054055   
  NGC_2099            1374         7.12057   0.18265010810810955     1.205625621621623   
  NGC_2168            1243         8.17026   -0.004228432432433038   1.5371979999999978  
  NGC_2169            43           7.08991   -0.2639648648648649     1.7027504864864862  
  NGC_2184            68           8.81023   0.4164480540540535      2.0044862702702697  
  NGC_2232            176          7.25042   -0.18846691891891898    3.387001351351353   
  NGC_2244            351          7.10037   -0.25500259459459296    1.478282486486484   
  NGC_225             212          8.45939   0.10817481081081204     1.7019557297297283  
  NGC_2264            134          7.43933   -0.13389508108108006    2.391270054054053   
  NGC_2281            381          8.79029   0.2864132972972986      2.2210981621621646  
  NGC_2287            583          8.23045   0.01239470270270318     2.0288122702702696  
  NGC_2301            476          8.33041   0.058153243243243835    1.74484027027027    
  NGC_2323            175          8.12057   -0.009591783783784946   1.5385267567567549  
  NGC_2343            119          7.94002   -0.024966864864864602   1.398087945945948   
  NGC_2353            137          8.0086    -0.03613486486486511    1.3687849189189172  
  NGC_2358            75           8.8202    0.3194810810810813      1.6177180000000002  
  NGC_2360            577          9.0086    0.4446479459459471      1.4074656216216221  
  NGC_2374            74           8.45939   0.1322598918918915      1.3368538378378378  
  NGC_2422            530          8.04139   -0.03541400000000089    2.3382629189189204  
  NGC_2423            256          9.04139   0.46909621621621733     1.6446551351351342  
  NGC_2447            616          8.75967   0.2695811891891896      1.6543087027027017  
  NGC_2448            114          7.98      -0.03497562162162096    1.4954578378378398  
  NGC_2451A           311          7.55023   -0.12185551351351287    3.838834918918918   
  NGC_2451B           253          7.60959   -0.1202366486486498     2.9024429729729744  
  NGC_2516            1791         8.38021   0.061371945945946194    2.347984432432432   
  NGC_2527            284          8.84011   0.32239021621621633     2.083953297297297   
  NGC_2539            418          8.84011   0.30663659459459613     1.5454456216216241  
  NGC_2546            303          8.14922   -0.010181837837838492   1.6273789729729733  
  NGC_2547            206          7.51055   -0.13150994594594628    2.947039189189189   
  NGC_2548            500          8.58995   0.16609654054054057     1.9670385405405433  
  NGC_2571            135          7.42975   -0.15333232432432445    1.8611306486486485  
  NGC_2632            748          8.82995   0.3444891351351351      3.159876216216216   
  NGC_2669            195          8.13033   0.011348918918918316    1.5085712972972984  
  NGC_2682            658          9.63043   0.9375603243243245      1.911809027027026   
  NGC_2910            132          8.11059   -0.008915837837837693   1.5215138378378386  
  NGC_2925            154          8.11059   -0.018795783783783687   1.8925692432432457  
  NGC_3114            1051         8.16137   -0.008286432432433571   1.6203427027027002  
  NGC_3228            108          7.48001   -0.1489242702702706     2.714600486486487   
  NGC_3532            1727         8.59988   0.15503924324324295     2.2620651351351375  
  NGC_5460            136          8.19866   0.004704918918920109    1.9599650270270275  
  NGC_5662            294          8.30103   0.04418794594594583     1.6889348648648637  
  NGC_5822            437          8.95999   0.4035464864864852      1.7126900540540535  
  NGC_6025            253          8.02119   -0.039917783783783745   1.86854643243243    
  NGC_6087            268          8.0       -0.04010589189189184    1.5577481621621636  
  NGC_6124            936          8.28103   0.025379189189190354    1.8072111351351354  
  NGC_6193            342          6.71012   -0.3349788648648651     2.418271675675677   
  NGC_6204            92           7.96988   -0.04649697297297256    1.3634215675675694  
  NGC_6231            464          7.13988   -0.2518864324324318     2.074287513513513   
  NGC_6242            302          7.88986   -0.05983151351351407    1.3715505405405386  
  NGC_6249            55           7.30963   -0.18566545945945914    1.7071207027027022  
  NGC_6250            64           7.38021   -0.17443556756756717    1.8065561621621604  
  NGC_6281            456          8.71012   0.2338309729729725      2.0847162162162154  
  NGC_6383            211          6.59988   -0.3380038918918916     2.5968756216216238  
  NGC_6405            534          7.54033   -0.13323205405405358    2.6152106486486506  
  NGC_6416            119          8.35984   0.05335945945945875     1.351777783783784   
  NGC_6425            94           8.67025   0.21114697297297386     1.4058532432432445  
  NGC_6475            985          8.35025   0.060093675675676694    2.596908432432433   
  NGC_6494            682          8.57978   0.1460659459459458      1.6456167567567566  
  NGC_6561            49           7.26951   -0.18681054054054033    1.9493725945945946  
  NGC_6633            265          8.84011   0.31330632432432504     2.258004702702703   
  NGC_6709            256          8.28103   0.02449043243243368     1.7581324864864856  
  NGC_6716            433          7.98989   -0.04418908108108055    1.9113942162162167  
  NGC_6793            205          8.48996   0.10299189189189223     1.9305825945945927  
  NGC_6800            81           8.60959   0.17494518918919016     1.4292332972972974  
  NGC_6940            427          9.13033   0.5527911351351349      1.6259203783783769  
  NGC_6991            181          9.19033   0.6152166486486491      2.0883434054054026  
  NGC_6997            256          8.81023   0.28514113513513506     1.4458488108108105  
  NGC_7024            76           8.32015   0.04085594594594624     1.4057204324324337  
  NGC_7031            141          8.19033   0.0036710270270269296   0.8892554054054049  
  NGC_7039            95           7.34044   -0.18797167567567571    2.3590995675675663  
  NGC_7063            118          7.98989   -0.03975897297297294    2.1802535135135135  
  NGC_7082            180          7.79029   -0.08246681081081149    1.4883048108108095  
  NGC_7092            186          8.59988   0.17704637837837944     2.523860054054053   
  NGC_7209            341          8.63043   0.20727556756756668     1.5204674594594574  
  NGC_7243            293          8.17026   0.0021686486486486856   1.6737983783783756  
  NGC_752             278          9.06819   0.4933652432432428      2.2928567567567546  
  NGC_886             201          8.91009   0.36383329729729685     0.9797508108108122  
  Pismis_4            122          8.07918   -0.007150270270269293   1.922845405405403   
  Pismis_5            72           7.0       -0.26240221621621723    2.4206408648648643  
  Platais_10          33           8.04139   0.4179345945945955      2.775969621621622   
  Platais_3           102          8.25042   0.1206727027027024      3.243380540540542   
  Platais_8           193          7.48001   -0.08056594594594593    3.9147912432432417  
  Pozzo_1             316          6.98      -0.290314162162162      3.5743047027027     
  RSG_1               125          8.08991   -0.01567913513513458    2.4099491891891884  
  RSG_5               143          7.54033   -0.11096540540540563    3.0345800000000005  
  RSG_7               114          7.58995   -0.11698389189189212    2.7033269189189193  
  RSG_8               152          7.42975   -0.16087016216216143    2.775301189189187   
  Roslund_5           134          7.98989   -0.011935405405405497   2.125454324324326   
  Roslund_6           278          7.94988   -0.04336302702702746    2.6482081621621623  
  Roslund_7           178          8.10037   -0.016527081081080364   1.4175853513513546  
  Ruprecht_145        200          8.91009   0.3820874054054047      2.028240486486486   
  Ruprecht_147        107          9.48001   0.8993706486486495      2.4761485945945947  
  Ruprecht_161        64           8.02119   0.010882486486486431    1.6581989729729745  
  Ruprecht_26         68           7.49969   -0.1409798378378377     1.9188236756756771  
  Ruprecht_91         180          8.13988   -0.01240756756756664    1.5715905945945943  
  Ruprecht_98         97           8.6902    0.20647599999999938     2.1611276216216226  
  Stephenson_1        76           7.45025   -0.11832124324324372    2.994543459459461   
  Stock_1             119          8.62014   0.2509552972972974      2.2974931351351353  
  Stock_10            165          7.91009   -0.04706243243243172    2.5699796216216226  
  Stock_12            115          8.04922   0.03327794594594591     2.3450427027027017  
  Stock_2             1390         8.59988   0.15927497297297216     2.24849610810811    
  Stock_23            64           8.04139   0.09072308108108229     1.976067999999999   
  Stock_7             238          7.85974   -0.07102767567567625    1.7555435675675677  
  Teutsch_35          166          8.0086    -0.005774648648649031   2.4202093513513514  
  Teutsch_38          92           7.57054   -0.12666594594594646    2.3925854594594584  
  Trumpler_10         436          7.51055   -0.14475481081081107    2.8864351351351347  
  Trumpler_2          277          8.04922   -0.03218183783783757    1.652050216216215   
  Trumpler_21         77           7.6902    -0.1046143783783787     1.7166672432432428  
  Trumpler_3          202          7.67025   -0.08087551351351185    2.0739550810810825  
  Turner_5            56           8.51055   0.11971151351351235     2.3180678378378383  
  UBC_1               113          7.84011   -0.03993659459459528    2.847322054054051   
  UBC_11              37           7.82995   -0.06835518918918917    2.4315906486486516  
  UBC_129             204          7.72016   -0.095847027027027      1.7917979459459468  
  UBC_13              49           8.26007   0.042722918918918884    2.0684216216216247  
  UBC_150             123          8.30103   0.03441340540540627     1.5073593513513508  
  UBC_157             197          8.25042   0.029320756756757098    1.6314711891891887  
  UBC_159             55           7.16137   -0.04876124324324366    2.859476810810812   
  UBC_167             32           7.34044   -0.11058481081081095    1.5420584324324322  
  UBC_168             83           7.85974   -0.067429513513514      1.445785567567566   
  UBC_178             46           7.0086    -0.27819048648648637    1.4055754054054048  
  UBC_17a             166          7.26951   -0.20564221621621587    3.156872108108109   
  UBC_17b             99           7.0607    -0.20923540540540522    3.2247887567567535  
  UBC_183             45           7.8202    -0.048863783783784365   1.4704355135135143  
  UBC_2               62           8.30103   0.10585918918918957     2.10144027027027    
  UBC_207             45           7.17898   -0.1376444324324333     3.2128375135135148  
  UBC_250             36           8.51983   0.1707733513513502      1.4531292432432423  
  UBC_26              61           7.55023   -0.10983043243243268    2.3704777297297293  
  UBC_260             104          8.36922   0.07016086486486645     2.103729621621619   
  UBC_31              70           7.41996   0.008325891891891146    2.8585230270270268  
  UBC_32              151          8.13988   0.002235135135135846    2.5475927567567584  
  UBC_323             233          6.94988   -0.3127615675675676     2.1823584864864873  
  UBC_4               57           8.72016   0.23700778378378384     1.3062247027027     
  UBC_480             415          8.32015   0.039084594594593874    2.2649854054054055  
  UBC_5               123          8.30103   0.10662832432432473     2.108095081081083   
  UBC_54              164          8.39967   0.06541800000000075     1.1233730810810802  
  UBC_582             88           7.80003   -0.07551621621621568    1.693513135135136   
  UBC_7               68           7.49969   -0.13551529729729578    3.2426403783783786  
  UBC_8               179          8.69984   0.3225715135135142      2.19928216216216    
  UPK_12              57           8.30103   0.06939508108108189     1.8152085945945966  
  UPK_136             60           8.0607    0.008615837837838314    1.9591094054054048  
  UPK_150             61           7.40993   -0.1663167027027029     2.158444324324323   
  UPK_166             190          7.42975   -0.15866891891891888    2.413893675675674   
  UPK_167             85           8.08991   0.09439502702702607     2.0848780000000007  
  UPK_168             153          7.55991   -0.12692221621621455    2.4469843783783776  
  UPK_185             86           7.85003   -0.06857664864864926    2.2791236216216215  
  UPK_230             61           7.85974   -0.013806378378377837   2.2261158378378374  
  UPK_237             95           8.17898   0.042518162162162976    1.583673945945947   
  UPK_24              140          8.42975   0.12714929729729635     2.0020898918918917  
  UPK_26              37           7.85974   -0.020079297297296628   1.7012212972972978  
  UPK_265             73           7.94002   -0.0484040540540539     1.2867614054054062  
  UPK_282             69           7.88024   -0.05140021621621621    1.918405189189189   
  UPK_29              51           8.91009   0.3775501081081074      1.71659372972973    
  UPK_303             124          7.89982   -0.05052059459459465    3.173129513513514   
  UPK_305             79           8.14922   -0.010137513513513552   2.3671925945945946  
  UPK_31              84           8.69984   0.2401434054054068      1.930765783783784   
  UPK_350             67           8.11059   0.12042718918918902     2.306929513513513   
  UPK_381             57           8.45939   0.0943069729729718      1.8269083243243254  
  UPK_385             35           7.06819   -0.08110037837837764    3.2587280540540537  
  UPK_394             41           8.32015   0.04495772972973083     1.817073675675674   
  UPK_398             38           7.02938   -0.2741218918918918     3.0551579459459473  
  UPK_4               92           8.43933   0.08783583783783688     1.6846769189189212  
  UPK_40              46           8.72997   0.23716043243243323     1.7791397297297287  
  UPK_402             41           6.85974   -0.3120281081081083     3.0513028648648652  
  UPK_42              100          8.32015   0.07205248648648593     1.9094855135135116  
  UPK_422             104          7.29003   -0.16585702702702793    3.378939351351351   
  UPK_429             57           8.14922   -1.5129729729726482E-4  1.6745049729729737  
  UPK_433             36           8.26007   0.03961135135135033     1.6480342702702695  
  UPK_436             91           7.40993   -0.16815037837837923    2.2323433513513504  
  UPK_442             44           8.23045   0.023003945945945986    1.844892216216216   
  UPK_452             62           8.22011   0.07418799999999973     2.077766432432433   
  UPK_46              64           8.19033   0.022540864864865784    1.7180197837837845  
  UPK_467             67           8.06819   -0.00683875675675695    2.1961544864864853  
  UPK_470             105          7.62014   -0.116778594594594      1.959148108108111   
  UPK_5               79           8.29003   0.03791356756756725     1.87376227027027    
  UPK_51              60           8.02938   -0.00907994594594616    2.1907797837837824  
  UPK_524             32           8.02938   -0.016720486486486275   2.2221336216216216  
  UPK_526             33           7.48996   -0.14967983783783745    2.4994889729729723  
  UPK_528             58           8.54033   0.1970524324324323      1.793135297297297   
  UPK_53              115          8.65992   0.20053097297297362     1.9239583243243275  
  UPK_533             56           7.94988   0.022554810810810594    2.67914227027027    
  UPK_535             92           7.51983   -0.13748551351351368    3.121870162162162   
  UPK_537             55           8.36922   0.07310978378378441     1.9481307567567543  
  UPK_540             46           7.57054   -0.1085953513513507     2.883994216216218   
  UPK_545             214          7.89982   -0.06346302702702672    2.771902324324326   
  UPK_549             151          8.96988   0.4199944324324338      1.7445349189189185  
  UPK_552             45           8.06819   0.09431297297297322     2.649699027027026   
  UPK_560             34           8.51055   0.2737951351351355      2.1175260000000007  
  UPK_562             35           7.98989   -0.03189448648648663    1.728596324324325   
  UPK_567             74           8.5302    0.13824627027026942     1.9738612972972966  
  UPK_579             87           8.07918   -0.009643567567567596   1.917324432432433   
  UPK_587             43           8.06819   0.035104702702703716    1.4188458918918936  
  UPK_605             57           7.84011   -0.05611605405405473    2.0731814594594584  
  UPK_607             31           7.19033   -0.214178918918918      2.0269319459459436  
  UPK_612             66           8.0       -0.00990389189189235    2.9300150810810814  
  UPK_617             35           7.85003   -0.010887135135135034   1.9461410810810829  
  UPK_624             36           7.59988   0.03374832432432487     2.8560577297297316  
  UPK_626             38           8.33041   0.08350443243243194     2.0679991351351372  
  UPK_640             562          7.39967   -0.1709872432432427     3.8867446486486505  
  UPK_644             54           8.23045   0.27387129729729764     1.670731513513514   
  UPK_645             54           8.02119   -0.02905751351351385    1.9626766486486489  
  UPK_65              51           8.43933   0.23741070270270265     1.7528620540540534  
  UPK_654             85           7.89982   -0.03172113513513522    2.4229142162162143  
  UPK_66              51           8.17026   0.0297318918918916      1.9881684864864868  
  UPK_82              53           7.91009   -0.04569389189189149    2.2037124864864857  
  UPK_84              118          9.0       0.43497708108108085     1.7185924864864854  
  UPK_90              39           7.6902    -0.10418708108108199    2.0135982702702706  
  vdBergh_80          63           6.81023   -0.33776102702702754    2.5022507567567565  
  vdBergh_92          143          6.88986   -0.32518156756756816    2.1350069729729726  
